0.000000 2.670947 2.648064 3.155073 2.645366 4.273890 4.607323 4.212178 4.691275 4.809445 4.423189 4.906677 4.626045 4.868605 5.743990 5.333335 6.771500 4.991594 5.149287 5.478621 
2.670947 0.000000 2.318172 2.776423 2.413910 3.718174 3.599443 3.069919 3.650315 3.715752 4.496959 4.761586 5.379470 6.122748 6.013972 5.784353 7.252926 5.197874 4.841442 5.608586 
2.648064 2.318172 0.000000 2.095098 2.032201 3.413917 3.062890 3.013740 3.377578 3.448496 4.177205 4.491540 5.266857 5.274665 5.756888 5.794454 6.961656 4.599823 4.457861 5.379439 
3.155073 2.776423 2.095098 0.000000 2.165672 3.380180 3.675411 3.320884 3.474071 3.372466 4.951378 5.356050 5.768449 5.428468 6.218035 6.248030 7.560889 5.849528 5.402975 6.177483 
2.645366 2.413910 2.032201 2.165672 0.000000 2.928436 2.609363 2.457576 3.021107 2.924284 4.315609 4.983207 5.172194 5.392456 6.069581 5.890762 7.315345 5.154265 5.205897 5.864251 
4.273890 3.718174 3.413917 3.380180 2.928436 0.000000 2.587146 2.556877 3.065108 2.327529 5.906220 6.286207 6.261836 5.867449 6.295806 6.318558 7.470120 6.020323 6.539588 6.990774 
4.607323 3.599443 3.062890 3.675411 2.609363 2.587146 0.000000 2.019574 3.129356 2.519356 5.569535 6.111997 6.381725 6.331652 6.251777 6.574411 7.614570 6.208957 6.253744 7.142046 
4.212178 3.069919 3.013740 3.320884 2.457576 2.556877 2.019574 0.000000 2.591683 2.091311 5.290638 5.989143 6.447713 6.622283 6.526555 6.553967 7.777877 5.998953 6.063499 6.789543 
4.691275 3.650315 3.377578 3.474071 3.021107 3.065108 3.129356 2.591683 0.000000 2.484544 5.787708 6.104748 7.074292 6.991342 7.098238 6.989274 8.179612 6.313009 6.189395 7.148248 
4.809445 3.715752 3.448496 3.372466 2.924284 2.327529 2.519356 2.091311 2.484544 0.000000 5.687517 6.278630 6.914820 6.369250 6.753920 6.811313 7.934787 6.204108 6.475489 7.271735 
4.423189 4.496959 4.177205 4.951378 4.315609 5.906220 5.569535 5.290638 5.787708 5.687517 0.000000 2.530715 3.793959 3.914679 4.597280 4.156518 5.689907 2.955919 3.609764 4.183756 
4.906677 4.761586 4.491540 5.356050 4.983207 6.286207 6.111997 5.989143 6.104748 6.278630 2.530715 0.000000 4.531992 5.064465 4.823980 4.455444 5.695866 3.113765 2.744016 3.233624 
4.626045 5.379470 5.266857 5.768449 5.172194 6.261836 6.381725 6.447713 7.074292 6.914820 3.793959 4.531992 0.000000 2.989572 3.811238 3.551243 4.926563 3.845596 4.492185 4.124729 
4.868605 6.122748 5.274665 5.428468 5.392456 5.867449 6.331652 6.622283 6.991342 6.369250 3.914679 5.064465 2.989572 0.000000 2.825955 2.511137 3.838510 4.029896 4.394738 4.453952 
5.743990 6.013972 5.756888 6.218035 6.069581 6.295806 6.251777 6.526555 7.098238 6.753920 4.597280 4.823980 3.811238 2.825955 0.000000 1.641715 2.382543 4.517149 4.341966 4.398329 
5.333335 5.784353 5.794454 6.248030 5.890762 6.318558 6.574411 6.553967 6.989274 6.811313 4.156518 4.455444 3.551243 2.511137 1.641715 0.000000 2.815787 3.945535 3.722710 3.799893 
6.771500 7.252926 6.961656 7.560889 7.315345 7.470120 7.614570 7.777877 8.179612 7.934787 5.689907 5.695866 4.926563 3.838510 2.382543 2.815787 0.000000 5.137681 5.116175 4.728107 
4.991594 5.197874 4.599823 5.849528 5.154265 6.020323 6.208957 5.998953 6.313009 6.204108 2.955919 3.113765 3.845596 4.029896 4.517149 3.945535 5.137681 0.000000 2.935225 2.930162 
5.149287 4.841442 4.457861 5.402975 5.205897 6.539588 6.253744 6.063499 6.189395 6.475489 3.609764 2.744016 4.492185 4.394738 4.341966 3.722710 5.116175 2.935225 0.000000 2.577376 
5.478621 5.608586 5.379439 6.177483 5.864251 6.990774 7.142046 6.789543 7.148248 7.271735 4.183756 3.233624 4.124729 4.453952 4.398329 3.799893 4.728107 2.930162 2.577376 0.000000 
