0.000000 2.024879 2.009004 1.515534 1.967026 1.581742 1.652047 2.393445 2.046739 1.502510 2.893466 2.243969 2.145007 3.285916 3.469801 3.634692 2.656086 3.181333 3.734692 3.801742 
2.024879 0.000000 2.296735 2.415303 2.517422 2.279828 2.587842 2.294267 2.436525 2.070662 3.307236 2.875867 2.809242 3.182847 3.101854 3.999413 3.404271 3.101292 2.823284 2.468634 
2.009004 2.296735 0.000000 1.732603 3.014045 2.019578 1.894318 2.677262 2.487253 1.494136 2.881995 2.281545 2.095176 2.133838 2.742604 3.783451 3.073046 3.166988 3.755752 3.487515 
1.515534 2.415303 1.732603 0.000000 1.527052 1.846675 1.630840 2.750829 2.084546 1.632180 2.977362 2.045839 2.513022 3.732443 3.020796 4.596707 3.412884 3.886879 3.688531 3.510774 
1.967026 2.517422 3.014045 1.527052 0.000000 1.864785 1.868776 2.563177 2.687509 1.805618 3.756684 2.553334 3.045644 4.251228 3.798447 4.857777 3.474996 4.183688 3.729857 3.882181 
1.581742 2.279828 2.019578 1.846675 1.864785 0.000000 1.184673 1.983501 2.038820 1.220453 3.423468 2.176119 2.479699 2.849532 3.858526 4.172186 2.639053 3.169790 3.505537 3.676210 
1.652047 2.587842 1.894318 1.630840 1.868776 1.184673 0.000000 2.177728 2.133897 0.906510 3.590378 2.308394 2.386149 2.660144 3.257164 3.832277 2.990345 3.417957 3.858933 3.880592 
2.393445 2.294267 2.677262 2.750829 2.563177 1.983501 2.177728 0.000000 2.491128 2.150958 3.932996 3.008158 2.334566 2.940751 3.362993 3.574460 3.341966 2.939195 3.568760 3.358382 
2.046739 2.436525 2.487253 2.084546 2.687509 2.038820 2.133897 2.491128 0.000000 2.045261 3.587444 2.862424 2.701181 3.401238 2.990469 4.645690 3.326689 3.965419 3.398672 2.910678 
1.502510 2.070662 1.494136 1.632180 1.805618 1.220453 0.906510 2.150958 2.045261 0.000000 3.406097 2.370778 2.578844 2.867665 3.144426 4.000990 3.144043 3.620785 3.703069 3.776873 
2.893466 3.307236 2.881995 2.977362 3.756684 3.423468 3.590378 3.932996 3.587444 3.406097 0.000000 1.158573 3.060873 3.990153 2.720219 4.715278 3.735240 3.601000 4.151155 4.863015 
2.243969 2.875867 2.281545 2.045839 2.553334 2.176119 2.308394 3.008158 2.862424 2.370778 1.158573 0.000000 2.173923 3.145120 2.476029 4.276911 2.900041 3.238711 3.202568 3.588696 
2.145007 2.809242 2.095176 2.513022 3.045644 2.479699 2.386149 2.334566 2.701181 2.578844 3.060873 2.173923 0.000000 1.765851 2.394894 3.362116 2.509647 2.505065 3.606578 3.174716 
3.285916 3.182847 2.133838 3.732443 4.251228 2.849532 2.660144 2.940751 3.401238 2.867665 3.990153 3.145120 1.765851 0.000000 2.892946 3.553213 2.827196 2.853082 3.861011 3.662257 
3.469801 3.101854 2.742604 3.020796 3.798447 3.858526 3.257164 3.362993 2.990469 3.144426 2.720219 2.476029 2.394894 2.892946 0.000000 3.085325 4.058102 3.776298 4.050924 3.635915 
3.634692 3.999413 3.783451 4.596707 4.857777 4.172186 3.832277 3.574460 4.645690 4.000990 4.715278 4.276911 3.362116 3.553213 3.085325 0.000000 4.235693 3.452419 5.565333 5.329892 
2.656086 3.404271 3.073046 3.412884 3.474996 2.639053 2.990345 3.341966 3.326689 3.144043 3.735240 2.900041 2.509647 2.827196 4.058102 4.235693 0.000000 1.899519 3.570138 4.103888 
3.181333 3.101292 3.166988 3.886879 4.183688 3.169790 3.417957 2.939195 3.965419 3.620785 3.601000 3.238711 2.505065 2.853082 3.776298 3.452419 1.899519 0.000000 4.357554 4.218649 
3.734692 2.823284 3.755752 3.688531 3.729857 3.505537 3.858933 3.568760 3.398672 3.703069 4.151155 3.202568 3.606578 3.861011 4.050924 5.565333 3.570138 4.357554 0.000000 1.631017 
3.801742 2.468634 3.487515 3.510774 3.882181 3.676210 3.880592 3.358382 2.910678 3.776873 4.863015 3.588696 3.174716 3.662257 3.635915 5.329892 4.103888 4.218649 1.631017 0.000000 
