0.000000 0.944075 1.290878 1.416270 1.211775 2.172794 2.747856 2.677217 2.761291 2.480381 1.518610 2.527363 4.814617 4.808898 2.346786 3.395384 4.904480 5.283928 2.722139 2.294976 
0.944075 0.000000 0.964195 1.079094 0.905276 1.947064 2.297250 2.447130 2.410923 2.166128 1.181462 2.009951 4.515359 4.537901 2.250510 3.232200 4.710169 5.081279 2.197020 1.977391 
1.290878 0.964195 0.000000 0.293057 0.489021 1.985761 2.313038 2.207475 2.055799 1.986149 1.405267 1.994972 4.307766 4.113841 1.951848 2.983952 4.314710 4.656098 2.026276 1.835225 
1.416270 1.079094 0.293057 0.000000 0.506625 1.839965 2.142090 2.064388 1.933683 1.963442 1.488380 1.937100 4.261113 4.010299 2.081147 2.835954 4.198609 4.522320 1.999865 1.748532 
1.211775 0.905276 0.489021 0.506625 0.000000 2.112595 2.419758 2.313415 2.246697 2.095650 1.263431 2.020981 4.549353 4.376229 2.437492 3.232485 4.618055 4.985728 2.275069 2.117207 
2.172794 1.947064 1.985761 1.839965 2.112595 0.000000 0.866598 0.600372 1.041771 0.842395 1.912626 1.868727 4.407619 3.935275 2.696001 3.503909 4.078039 4.337812 2.080891 2.740236 
2.747856 2.297250 2.313038 2.142090 2.419758 0.866598 0.000000 1.838289 1.124964 1.571812 2.565024 1.585787 4.364431 4.267304 3.051193 3.709043 4.621491 4.673007 2.548618 3.079067 
2.677217 2.447130 2.207475 2.064388 2.313415 0.600372 1.838289 0.000000 1.278592 0.641482 2.166803 2.512446 4.509944 3.894673 3.177719 4.063114 4.176689 4.545330 2.267272 3.320865 
2.761291 2.410923 2.055799 1.933683 2.246697 1.041771 1.124964 1.278592 0.000000 0.872243 2.299044 1.733650 3.782967 3.521549 2.731783 3.068211 3.723907 3.950933 2.036120 2.717357 
2.480381 2.166128 1.986149 1.963442 2.095650 0.842395 1.571812 0.641482 0.872243 0.000000 2.081236 2.381652 4.085831 3.592289 3.059645 3.497659 4.008791 4.341182 2.354585 3.229291 
1.518610 1.181462 1.405267 1.488380 1.263431 1.912626 2.565024 2.166803 2.299044 2.081236 0.000000 1.607788 4.191837 4.355473 2.662491 3.811292 4.577806 4.940435 1.826386 1.847635 
2.527363 2.009951 1.994972 1.937100 2.020981 1.868727 1.585787 2.512446 1.733650 2.381652 1.607788 0.000000 3.892809 4.376602 2.255135 3.358916 4.748916 4.978645 1.541876 1.583889 
4.814617 4.515359 4.307766 4.261113 4.549353 4.407619 4.364431 4.509944 3.782967 4.085831 4.191837 3.892809 0.000000 1.745682 4.046817 3.210199 2.770434 2.733962 3.298216 3.695461 
4.808898 4.537901 4.113841 4.010299 4.376229 3.935275 4.267304 3.894673 3.521549 3.592289 4.355473 4.376602 1.745682 0.000000 4.384599 3.419400 2.244814 2.356840 3.753673 4.038112 
2.346786 2.250510 1.951848 2.081147 2.437492 2.696001 3.051193 3.177719 2.731783 3.059645 2.662491 2.255135 4.046817 4.384599 0.000000 2.000954 3.970553 4.317681 1.764175 1.955863 
3.395384 3.232200 2.983952 2.835954 3.232485 3.503909 3.709043 4.063114 3.068211 3.497659 3.811292 3.358916 3.210199 3.419400 2.000954 0.000000 3.371946 3.610775 2.911997 2.696007 
4.904480 4.710169 4.314710 4.198609 4.618055 4.078039 4.621491 4.176689 3.723907 4.008791 4.577806 4.748916 2.770434 2.244814 3.970553 3.371946 0.000000 0.611981 3.777072 4.117650 
5.283928 5.081279 4.656098 4.522320 4.985728 4.337812 4.673007 4.545330 3.950933 4.341182 4.940435 4.978645 2.733962 2.356840 4.317681 3.610775 0.611981 0.000000 4.157697 4.625500 
2.722139 2.197020 2.026276 1.999865 2.275069 2.080891 2.548618 2.267272 2.036120 2.354585 1.826386 1.541876 3.298216 3.753673 1.764175 2.911997 3.777072 4.157697 0.000000 1.000994 
2.294976 1.977391 1.835225 1.748532 2.117207 2.740236 3.079067 3.320865 2.717357 3.229291 1.847635 1.583889 3.695461 4.038112 1.955863 2.696007 4.117650 4.625500 1.000994 0.000000 
