0.000000 0.939153 0.966050 1.311777 1.484066 1.358990 1.351050 1.619823 1.474499 1.615389 3.520287 3.690582 5.192789 4.446224 5.198442 2.765888 3.418305 4.063049 2.538612 2.490363 
0.939153 0.000000 1.191868 1.299662 1.357836 0.989992 1.536532 1.630528 1.790569 1.564376 3.673796 3.104428 5.052792 4.419644 5.332158 1.988324 2.478618 4.096816 2.606646 2.793362 
0.966050 1.191868 0.000000 1.173106 0.964542 1.481093 1.182065 1.523450 1.024364 1.641024 3.914334 3.875055 5.334498 4.773149 5.467502 2.055947 2.988513 4.656896 2.961635 2.898379 
1.311777 1.299662 1.173106 0.000000 0.975722 1.263746 1.228619 0.625617 1.108113 1.183117 3.964871 4.412596 5.321244 4.625487 5.791220 2.923000 3.610235 4.954678 3.629959 3.728872 
1.484066 1.357836 0.964542 0.975722 0.000000 1.885004 1.961938 1.380785 1.694031 1.987050 4.376581 4.459075 5.889800 5.310218 6.160291 2.535588 3.489947 4.818959 3.489667 3.588093 
1.358990 0.989992 1.481093 1.263746 1.885004 0.000000 0.731452 0.968827 0.947441 0.605048 3.871301 3.346345 4.915002 4.577965 4.946973 2.774195 3.037765 4.911623 3.007366 3.555663 
1.351050 1.536532 1.182065 1.228619 1.961938 0.731452 0.000000 0.889402 0.496894 0.789614 4.074864 3.767869 4.971151 4.554088 4.800777 2.622332 3.201886 4.833515 3.322520 3.382645 
1.619823 1.630528 1.523450 0.625617 1.380785 0.968827 0.889402 0.000000 0.772822 0.968564 4.022200 4.236004 5.424755 5.128218 5.437097 3.194956 3.514481 5.231278 3.585164 4.020491 
1.474499 1.790569 1.024364 1.108113 1.694031 0.947441 0.496894 0.772822 0.000000 0.865051 4.408097 4.247718 5.349910 5.081333 5.330500 2.892178 3.646184 5.146058 3.538609 3.718102 
1.615389 1.564376 1.641024 1.183117 1.987050 0.605048 0.789614 0.968564 0.865051 0.000000 3.751404 3.757324 5.222536 4.914292 5.363016 2.966013 3.224781 4.874601 3.278364 3.643720 
3.520287 3.673796 3.914334 3.964871 4.376581 3.871301 4.074864 4.022200 4.408097 3.751404 0.000000 3.992263 6.836715 6.520774 7.854345 5.674748 5.094165 3.796069 3.893422 4.038053 
3.690582 3.104428 3.875055 4.412596 4.459075 3.346345 3.767869 4.236004 4.247718 3.757324 3.992263 0.000000 4.567428 4.941968 4.446144 3.961444 3.197602 2.761160 2.620881 3.568574 
5.192789 5.052792 5.334498 5.321244 5.889800 4.915002 4.971151 5.424755 5.349910 5.222536 6.836715 4.567428 0.000000 1.832599 2.793816 5.651242 5.532392 4.993320 5.468571 6.232370 
4.446224 4.419644 4.773149 4.625487 5.310218 4.577965 4.554088 5.128218 5.081333 4.914292 6.520774 4.941968 1.832599 0.000000 3.541069 5.341990 5.242702 4.676916 5.017140 5.737869 
5.198442 5.332158 5.467502 5.791220 6.160291 4.946973 4.800777 5.437097 5.330500 5.363016 7.854345 4.446144 2.793816 3.541069 0.000000 5.663166 4.941226 5.962985 5.308269 6.525497 
2.765888 1.988324 2.055947 2.923000 2.535588 2.774195 2.622332 3.194956 2.892178 2.966013 5.674748 3.961444 5.651242 5.341990 5.663166 0.000000 1.848467 4.713679 3.253829 3.063914 
3.418305 2.478618 2.988513 3.610235 3.489947 3.037765 3.201886 3.514481 3.646184 3.224781 5.094165 3.197602 5.532392 5.242702 4.941226 1.848467 0.000000 4.540161 2.779975 3.685840 
4.063049 4.096816 4.656896 4.954678 4.818959 4.911623 4.833515 5.231278 5.146058 4.874601 3.796069 2.761160 4.993320 4.676916 5.962985 4.713679 4.540161 0.000000 2.326378 2.785113 
2.538612 2.606646 2.961635 3.629959 3.489667 3.007366 3.322520 3.585164 3.538609 3.278364 3.893422 2.620881 5.468571 5.017140 5.308269 3.253829 2.779975 2.326378 0.000000 1.440651 
2.490363 2.793362 2.898379 3.728872 3.588093 3.555663 3.382645 4.020491 3.718102 3.643720 4.038053 3.568574 6.232370 5.737869 6.525497 3.063914 3.685840 2.785113 1.440651 0.000000 
