0.000 0.085 0.622 0.000 0.140 0.651 0.002 0.005 0.007 0.006 0.625 0.671 0.631 0.071 0.880 0.721 0.000 0.161 0.038 0.136 0.139 0.144 0.645 1.349 1.303 1.912 1.929 1.396 1.935 1.896 2.052 1.334 2.107 1.870 1.371 1.923 1.968 1.957 2.165 1.937 1.919 1.869 1.899 1.307 1.988 1.925 3.177 1.222 3.147 2.577 2.519 2.572 2.527 2.585 3.154 3.134 2.526 3.128 2.833 3.116 5.080 3.190 3.136 3.165 3.097 3.173 3.176 2.530 3.095 
0.085 0.000 0.682 0.086 0.007 0.691 0.109 0.130 0.042 0.046 0.670 0.630 0.655 0.001 1.268 0.629 0.084 0.480 0.237 0.006 0.007 0.008 0.738 1.233 1.270 1.862 1.854 1.253 1.850 1.904 2.302 1.234 2.328 1.974 1.234 2.067 1.840 1.835 2.157 2.053 1.963 1.925 1.884 1.370 2.128 1.902 3.056 1.441 3.092 2.443 2.488 2.434 2.470 2.444 3.088 3.083 2.460 3.088 2.851 3.053 5.223 3.050 3.058 3.042 3.090 3.044 3.042 2.549 3.183 
0.622 0.682 0.000 0.622 0.730 0.229 0.627 0.632 0.622 0.621 0.001 0.031 0.004 0.670 0.949 0.070 0.622 0.817 0.677 0.726 0.729 0.734 0.294 0.740 0.705 1.279 1.276 0.756 1.332 1.311 1.565 0.703 1.493 1.317 0.735 1.356 1.322 1.318 1.536 1.476 1.293 1.287 1.344 0.813 1.413 1.271 2.535 1.345 2.518 1.948 1.915 1.933 1.922 1.947 2.521 2.521 1.917 2.482 2.306 2.511 4.421 2.536 2.490 2.530 2.513 2.522 2.538 1.943 2.582 
0.000 0.086 0.622 0.000 0.141 0.651 0.001 0.004 0.008 0.006 0.625 0.672 0.631 0.072 0.878 0.722 0.000 0.159 0.037 0.138 0.141 0.146 0.645 1.350 1.303 1.913 1.930 1.397 1.936 1.896 2.051 1.335 2.106 1.870 1.373 1.923 1.969 1.958 2.164 1.937 1.919 1.869 1.900 1.307 1.986 1.926 3.178 1.221 3.148 2.578 2.519 2.573 2.527 2.587 3.155 3.135 2.527 3.129 2.832 3.117 5.080 3.192 3.137 3.167 3.097 3.174 3.178 2.531 3.095 
0.140 0.007 0.730 0.141 0.000 0.733 0.170 0.195 0.083 0.088 0.714 0.649 0.693 0.011 1.407 0.634 0.138 0.601 0.324 0.000 0.000 0.000 0.795 1.232 1.291 1.879 1.863 1.244 1.858 1.938 2.217 1.236 2.423 2.033 1.226 2.138 1.835 1.831 2.195 2.118 2.006 1.971 1.911 1.420 2.232 1.927 3.053 1.533 3.107 2.436 2.510 2.426 2.484 2.436 3.101 3.099 2.473 3.107 2.906 3.063 5.291 3.042 3.066 3.038 3.118 3.039 3.035 2.568 3.239 
0.651 0.691 0.229 0.651 0.733 0.000 0.659 0.666 0.645 0.645 0.214 0.136 0.192 0.681 0.377 0.110 0.651 0.874 0.720 0.730 0.732 0.736 0.008 0.691 0.696 1.276 1.291 0.714 1.291 1.283 1.459 0.688 1.600 1.278 0.725 1.357 1.300 1.301 1.445 1.329 1.345 1.401 1.253 0.711 1.466 1.313 2.509 1.375 2.492 1.911 1.903 1.921 1.904 1.943 2.504 2.453 1.909 2.472 2.173 2.472 4.486 2.508 2.491 2.514 2.495 2.499 2.523 1.929 2.463 
0.002 0.109 0.627 0.001 0.170 0.659 0.000 0.001 0.016 0.014 0.631 0.689 0.640 0.093 0.842 0.746 0.002 0.132 0.025 0.166 0.169 0.175 0.646 1.376 1.317 1.931 1.951 1.427 1.958 1.906 2.026 1.359 2.085 1.867 1.402 1.916 1.997 1.985 2.141 1.935 1.926 1.871 1.913 1.309 1.955 1.940 3.205 1.206 3.166 2.607 2.535 2.602 2.545 2.616 3.173 3.152 2.546 3.146 2.809 3.136 5.074 3.221 3.158 3.194 3.110 3.202 3.206 2.535 3.096 
0.005 0.130 0.632 0.004 0.195 0.666 0.001 0.000 0.024 0.021 0.638 0.705 0.650 0.112 0.814 0.767 0.005 0.111 0.016 0.191 0.194 0.201 0.648 1.400 1.335 1.948 1.971 1.453 1.979 1.918 2.018 1.382 2.079 1.871 1.428 1.914 2.022 2.010 2.133 1.934 1.933 1.880 1.927 1.317 1.930 1.955 3.229 1.196 3.184 2.633 2.550 2.628 2.564 2.642 3.193 3.171 2.565 3.162 2.804 3.153 5.072 3.247 3.179 3.218 3.123 3.227 3.232 2.547 3.099 
0.007 0.042 0.622 0.008 0.083 0.645 0.016 0.024 0.000 0.000 0.620 0.641 0.620 0.033 0.976 0.676 0.007 0.237 0.079 0.080 0.082 0.086 0.655 1.297 1.275 1.879 1.889 1.336 1.892 1.880 2.107 1.287 2.153 1.883 1.313 1.948 1.912 1.903 2.217 1.953 1.914 1.867 1.877 1.308 2.074 1.900 3.123 1.269 3.113 2.520 2.492 2.513 2.492 2.526 3.116 3.101 2.489 3.099 2.882 3.083 5.105 3.131 3.095 3.111 3.077 3.117 3.119 2.522 3.103 
0.006 0.046 0.621 0.006 0.088 0.645 0.014 0.021 0.000 0.000 0.620 0.644 0.621 0.036 0.967 0.680 0.006 0.229 0.075 0.085 0.087 0.091 0.653 1.301 1.277 1.882 1.892 1.341 1.895 1.881 2.102 1.290 2.149 1.881 1.318 1.945 1.917 1.908 2.213 1.951 1.914 1.867 1.878 1.308 2.065 1.902 3.128 1.264 3.115 2.525 2.494 2.518 2.495 2.531 3.120 3.104 2.492 3.101 2.878 3.085 5.102 3.136 3.098 3.116 3.078 3.122 3.124 2.522 3.102 
0.625 0.670 0.001 0.625 0.714 0.214 0.631 0.638 0.620 0.620 0.000 0.023 0.001 0.660 0.935 0.057 0.624 0.840 0.689 0.711 0.713 0.717 0.278 0.724 0.699 1.272 1.266 0.739 1.319 1.309 1.584 0.691 1.515 1.323 0.718 1.515 1.306 1.303 1.554 1.474 1.295 1.289 1.333 0.818 1.443 1.266 2.520 1.369 2.509 1.932 1.910 1.917 1.914 1.930 2.512 2.511 1.909 2.474 2.330 2.501 4.431 2.519 2.479 2.515 2.508 2.506 2.522 1.944 2.584 
0.671 0.630 0.031 0.672 0.649 0.136 0.689 0.705 0.641 0.644 0.023 0.000 0.013 0.627 0.863 0.008 0.670 1.006 0.794 0.647 0.649 0.651 0.201 0.650 0.680 1.246 1.224 0.660 1.260 1.314 1.490 0.637 1.623 1.369 0.646 1.516 1.236 1.236 1.476 1.462 1.314 1.310 1.286 0.824 1.578 1.248 2.458 1.480 2.476 1.859 1.892 1.846 1.874 1.860 2.474 2.464 1.873 2.449 2.241 2.461 4.498 2.444 2.433 2.449 2.494 2.438 2.452 1.923 2.590 
0.631 0.655 0.004 0.631 0.693 0.192 0.640 0.650 0.620 0.621 0.001 0.013 0.000 0.647 0.913 0.042 0.630 0.875 0.709 0.690 0.692 0.696 0.256 0.702 0.691 1.261 1.253 0.717 1.300 1.306 1.610 0.674 1.539 1.331 0.697 1.517 1.285 1.283 1.579 1.467 1.296 1.291 1.318 0.821 1.470 1.259 2.501 1.389 2.498 1.912 1.900 1.896 1.902 1.909 2.500 2.496 1.896 2.464 2.354 2.487 4.444 2.497 2.465 2.494 2.500 2.486 2.500 1.940 2.581 
0.071 0.001 0.670 0.072 0.011 0.681 0.093 0.112 0.033 0.036 0.660 0.627 0.647 0.000 1.228 0.630 0.070 0.446 0.213 0.011 0.011 0.013 0.723 1.237 1.266 1.860 1.853 1.259 1.851 1.897 2.274 1.236 2.304 1.958 1.239 2.048 1.844 1.839 2.148 2.037 1.953 1.913 1.879 1.359 2.098 1.898 3.060 1.415 3.090 2.448 2.484 2.439 2.468 2.450 3.088 3.080 2.460 3.085 2.837 3.052 5.204 3.056 3.058 3.046 3.084 3.049 3.047 2.545 3.169 
0.880 1.268 0.949 0.878 1.407 0.377 0.842 0.814 0.976 0.967 0.935 0.863 0.913 1.228 0.000 0.843 0.883 0.625 0.716 1.398 1.405 1.418 0.276 1.369 1.206 1.803 1.966 1.467 1.889 1.688 1.430 1.338 1.575 1.524 1.456 1.498 1.993 2.033 1.427 1.524 1.829 1.595 1.719 1.025 1.368 1.954 3.194 1.382 3.065 2.655 2.384 2.635 2.347 2.652 2.930 2.918 2.488 2.976 2.153 3.008 4.681 3.162 3.082 3.141 2.937 3.139 3.155 2.127 2.735 
0.721 0.629 0.070 0.722 0.634 0.110 0.746 0.767 0.676 0.680 0.057 0.008 0.042 0.630 0.843 0.000 0.719 1.126 0.878 0.633 0.634 0.635 0.175 0.627 0.688 1.252 1.219 0.633 1.247 1.326 1.514 0.627 1.846 1.414 0.625 1.533 1.217 1.217 1.497 1.475 1.344 1.341 1.279 0.820 1.676 1.257 2.440 1.564 2.475 1.835 1.903 1.826 1.862 1.841 2.470 2.457 1.873 2.456 2.282 2.457 4.556 2.421 2.426 2.432 2.508 2.418 2.433 1.926 2.606 
0.000 0.084 0.622 0.000 0.138 0.651 0.002 0.005 0.007 0.006 0.624 0.670 0.630 0.070 0.883 0.719 0.000 0.163 0.039 0.134 0.137 0.142 0.645 1.346 1.302 1.911 1.927 1.393 1.933 1.894 2.053 1.332 2.107 1.870 1.369 1.924 1.966 1.955 2.165 1.937 1.918 1.868 1.898 1.306 1.991 1.924 3.174 1.224 3.146 2.575 2.517 2.569 2.525 2.583 3.152 3.133 2.524 3.127 2.834 3.115 5.081 3.188 3.134 3.163 3.096 3.171 3.174 2.529 3.095 
0.161 0.480 0.817 0.159 0.601 0.874 0.132 0.111 0.237 0.229 0.840 1.006 0.875 0.446 0.625 1.126 0.163 0.000 0.042 0.593 0.599 0.610 0.796 1.784 1.625 2.259 2.309 1.869 2.328 2.161 1.984 1.749 2.076 2.005 1.839 2.003 2.551 2.532 2.108 2.054 2.136 2.069 2.197 1.496 1.782 2.234 3.620 1.200 3.500 3.039 2.839 3.039 2.882 3.056 3.520 3.482 2.892 3.461 2.673 3.466 5.162 3.660 3.521 3.612 3.384 3.627 3.638 2.598 3.252 
0.038 0.237 0.677 0.037 0.324 0.720 0.025 0.016 0.079 0.075 0.689 0.794 0.709 0.213 0.716 0.878 0.039 0.042 0.000 0.318 0.323 0.331 0.678 1.520 1.420 2.041 2.074 1.586 2.086 1.985 1.980 1.496 2.053 1.896 1.558 1.922 2.148 2.133 2.098 1.954 1.984 1.926 2.004 1.360 1.848 2.035 3.352 1.171 3.279 2.761 2.634 2.759 2.659 2.774 3.292 3.264 2.664 3.250 2.760 3.246 5.080 3.378 3.283 3.342 3.196 3.354 3.360 2.603 3.131 
0.136 0.006 0.726 0.138 0.000 0.730 0.166 0.191 0.080 0.085 0.711 0.647 0.690 0.011 1.398 0.633 0.134 0.593 0.318 0.000 0.000 0.000 0.791 1.231 1.288 1.876 1.862 1.244 1.856 1.934 2.211 1.235 2.415 2.029 1.226 2.134 1.835 1.831 2.189 2.111 2.002 1.967 1.907 1.415 2.222 1.924 3.053 1.527 3.105 2.436 2.508 2.426 2.483 2.436 3.099 3.097 2.471 3.106 2.903 3.061 5.285 3.042 3.065 3.038 3.116 3.039 3.035 2.566 3.235 
0.139 0.007 0.729 0.141 0.000 0.732 0.169 0.194 0.082 0.087 0.713 0.649 0.692 0.011 1.405 0.634 0.137 0.599 0.323 0.000 0.000 0.000 0.794 1.232 1.291 1.878 1.863 1.244 1.857 1.937 2.218 1.237 2.422 2.033 1.226 2.138 1.835 1.831 2.197 2.117 2.006 1.971 1.911 1.420 2.233 1.926 3.053 1.531 3.107 2.436 2.509 2.426 2.484 2.436 3.101 3.099 2.473 3.107 2.905 3.063 5.290 3.042 3.066 3.038 3.118 3.039 3.035 2.567 3.238 
0.144 0.008 0.734 0.146 0.000 0.736 0.175 0.201 0.086 0.091 0.717 0.651 0.696 0.013 1.418 0.635 0.142 0.610 0.331 0.000 0.000 0.000 0.799 1.232 1.293 1.880 1.865 1.244 1.859 1.940 2.221 1.237 2.430 2.038 1.226 2.144 1.835 1.831 2.199 2.123 2.010 1.975 1.914 1.424 2.241 1.929 3.053 1.540 3.109 2.436 2.512 2.426 2.486 2.435 3.103 3.100 2.475 3.109 2.911 3.064 5.296 3.042 3.067 3.038 3.121 3.039 3.035 2.570 3.243 
0.645 0.738 0.294 0.645 0.795 0.008 0.646 0.648 0.655 0.653 0.278 0.201 0.256 0.723 0.276 0.175 0.645 0.796 0.678 0.791 0.794 0.799 0.000 0.748 0.727 1.312 1.346 0.778 1.337 1.301 1.440 0.740 1.551 1.267 0.790 1.333 1.361 1.363 1.457 1.313 1.370 1.263 1.278 0.711 1.405 1.360 2.568 1.327 2.530 1.974 1.935 1.985 1.933 2.008 2.547 2.479 1.951 2.503 2.307 2.510 4.481 2.573 2.543 2.573 2.517 2.560 2.585 1.950 2.455 
1.349 1.233 0.740 1.350 1.232 0.691 1.376 1.400 1.297 1.301 0.724 0.650 0.702 1.237 1.369 0.627 1.346 1.784 1.520 1.231 1.232 1.232 0.748 0.000 0.062 0.662 0.635 0.010 0.632 0.746 1.261 0.004 1.454 0.847 0.005 1.003 0.627 0.623 1.223 0.940 0.773 0.774 0.678 0.257 1.998 0.677 1.876 2.173 1.871 1.233 1.294 1.210 1.251 1.261 1.863 1.875 1.241 1.889 2.024 1.891 4.159 1.824 1.839 1.810 1.913 1.840 1.811 1.400 2.059 
1.303 1.270 0.705 1.303 1.291 0.696 1.317 1.335 1.275 1.277 0.699 0.680 0.691 1.266 1.206 0.688 1.302 1.625 1.420 1.288 1.291 1.293 0.727 0.062 0.000 0.657 0.665 0.100 0.666 0.661 0.968 0.043 1.141 0.710 0.094 0.803 0.704 0.697 0.941 0.763 0.674 0.684 0.646 0.072 1.683 0.650 1.953 1.733 1.852 1.308 1.255 1.289 1.228 1.355 1.851 1.848 1.233 1.869 1.720 1.906 3.982 1.903 1.856 1.878 1.871 1.917 1.891 1.279 1.917 
1.912 1.862 1.279 1.913 1.879 1.276 1.931 1.948 1.879 1.882 1.272 1.246 1.261 1.860 1.803 1.252 1.911 2.259 2.041 1.876 1.878 1.880 1.312 0.662 0.657 0.000 0.007 0.679 0.012 0.026 0.423 0.653 0.595 0.112 0.678 0.224 0.052 0.042 0.391 0.282 0.061 0.074 0.021 0.749 1.593 0.026 1.311 2.301 1.241 0.669 0.668 0.679 0.651 0.676 1.241 1.243 0.647 1.246 1.220 1.284 3.373 1.278 1.240 1.267 1.252 1.265 1.276 0.713 1.374 
1.929 1.854 1.276 1.930 1.863 1.291 1.951 1.971 1.889 1.892 1.266 1.224 1.253 1.853 1.966 1.219 1.927 2.309 2.074 1.862 1.863 1.865 1.346 0.635 0.665 0.007 0.000 0.645 0.001 0.060 0.509 0.631 0.727 0.155 0.646 0.290 0.023 0.016 0.473 0.317 0.092 0.099 0.026 0.820 1.690 0.028 1.279 2.602 1.239 0.641 0.682 0.645 0.648 0.643 1.235 1.243 0.643 1.251 1.318 1.273 3.436 1.243 1.224 1.237 1.268 1.235 1.242 0.742 1.393 
1.396 1.253 0.756 1.397 1.244 0.714 1.427 1.453 1.336 1.341 0.739 0.660 0.717 1.259 1.467 0.633 1.393 1.869 1.586 1.244 1.244 1.244 0.778 0.010 0.100 0.679 0.645 0.000 0.640 0.777 1.325 0.019 1.525 0.899 0.011 1.066 0.622 0.621 1.287 0.995 0.812 0.808 0.695 0.326 2.091 0.691 1.863 2.258 1.888 1.225 1.328 1.207 1.270 1.275 1.878 1.894 1.267 1.908 2.070 1.914 4.190 1.819 1.845 1.822 1.936 1.832 1.819 1.410 2.098 
1.935 1.850 1.332 1.936 1.858 1.291 1.958 1.979 1.892 1.895 1.319 1.260 1.300 1.851 1.889 1.247 1.933 2.328 2.086 1.856 1.857 1.859 1.337 0.632 0.666 0.012 0.001 0.640 0.000 0.074 0.531 0.626 0.770 0.166 0.643 0.305 0.017 0.011 0.495 0.316 0.098 0.107 0.029 0.826 1.709 0.029 1.273 2.624 1.237 0.635 0.682 0.638 0.646 0.635 1.234 1.241 0.640 1.249 1.334 1.268 3.449 1.235 1.221 1.230 1.274 1.229 1.235 0.746 1.395 
1.896 1.904 1.311 1.896 1.938 1.283 1.906 1.918 1.880 1.881 1.309 1.314 1.306 1.897 1.688 1.326 1.894 2.161 1.985 1.934 1.937 1.940 1.301 0.746 0.661 0.026 0.060 0.777 0.074 0.000 0.285 0.723 0.378 0.064 0.770 0.131 0.149 0.133 0.258 0.249 0.038 0.061 0.049 0.669 1.429 0.061 1.414 2.060 1.281 0.765 0.680 0.784 0.694 0.780 1.289 1.281 0.694 1.274 1.055 1.345 3.304 1.381 1.293 1.364 1.256 1.364 1.380 0.689 1.353 
2.052 2.302 1.565 2.051 2.217 1.459 2.026 2.018 2.107 2.102 1.584 1.490 1.610 2.274 1.430 1.514 2.053 1.984 1.980 2.211 2.218 2.221 1.440 1.261 0.968 0.423 0.509 1.325 0.531 0.285 0.000 1.191 0.230 0.115 1.340 0.146 0.665 0.652 0.001 0.246 0.240 0.195 0.338 0.811 1.268 0.357 1.962 2.091 1.605 1.267 0.990 1.312 1.043 1.302 1.619 1.586 1.065 1.602 0.781 1.768 3.439 1.901 1.695 1.878 1.606 1.880 1.919 0.833 1.470 
1.334 1.234 0.703 1.335 1.236 0.688 1.359 1.382 1.287 1.290 0.691 0.637 0.674 1.236 1.338 0.627 1.332 1.749 1.496 1.235 1.237 1.237 0.740 0.004 0.043 0.653 0.631 0.019 0.626 0.723 1.191 0.000 1.383 0.814 0.013 0.942 0.633 0.627 1.155 0.889 0.736 0.754 0.662 0.208 1.893 0.663 1.877 2.003 1.855 1.239 1.265 1.217 1.235 1.269 1.853 1.860 1.227 1.868 1.931 1.882 4.097 1.832 1.833 1.814 1.892 1.845 1.818 1.361 2.023 
2.107 2.328 1.493 2.106 2.423 1.600 2.085 2.079 2.153 2.149 1.515 1.623 1.539 2.304 1.575 1.846 2.107 2.076 2.053 2.415 2.422 2.430 1.551 1.454 1.141 0.595 0.727 1.525 0.770 0.378 0.230 1.383 0.000 0.364 1.520 0.232 0.983 0.939 0.228 0.563 0.412 0.496 0.626 0.866 1.073 0.659 2.266 1.535 1.875 1.596 1.176 1.630 1.325 1.632 1.923 1.869 1.337 1.822 0.873 1.883 3.430 2.242 1.966 2.187 1.713 2.196 2.232 1.063 1.693 
1.870 1.974 1.317 1.870 2.033 1.278 1.867 1.871 1.883 1.881 1.323 1.369 1.331 1.958 1.524 1.414 1.870 2.005 1.896 2.029 2.033 2.038 1.267 0.847 0.710 0.112 0.155 0.899 0.166 0.064 0.115 0.814 0.364 0.000 0.903 0.092 0.244 0.238 0.099 0.144 0.046 0.016 0.066 0.700 1.432 0.075 1.525 2.226 1.322 0.847 0.726 0.885 0.736 0.879 1.325 1.314 0.744 1.326 0.925 1.410 3.327 1.471 1.358 1.463 1.344 1.458 1.489 0.672 1.321 
1.371 1.234 0.735 1.373 1.226 0.725 1.402 1.428 1.313 1.318 0.718 0.646 0.697 1.239 1.456 0.625 1.369 1.839 1.558 1.226 1.226 1.226 0.790 0.005 0.094 0.678 0.646 0.011 0.643 0.770 1.340 0.013 1.520 0.903 0.000 1.067 0.630 0.626 1.299 0.984 0.814 0.819 0.704 0.319 2.083 0.703 1.880 2.251 1.894 1.237 1.317 1.209 1.270 1.254 1.885 1.900 1.257 1.912 2.103 1.912 4.221 1.825 1.851 1.809 1.943 1.845 1.807 1.439 2.116 
1.923 2.067 1.356 1.923 2.138 1.357 1.916 1.914 1.948 1.945 1.515 1.516 1.517 2.048 1.498 1.533 1.924 2.003 1.922 2.134 2.138 2.144 1.333 1.003 0.803 0.224 0.290 1.066 0.305 0.131 0.146 0.942 0.232 0.092 1.067 0.000 0.443 0.419 0.132 0.088 0.059 0.167 0.212 0.691 1.004 0.229 1.677 1.848 1.423 1.059 0.765 1.082 0.883 1.087 1.476 1.423 0.888 1.385 0.807 1.514 3.186 1.689 1.507 1.638 1.352 1.647 1.676 0.738 1.319 
1.968 1.840 1.322 1.969 1.835 1.300 1.997 2.022 1.912 1.917 1.306 1.236 1.285 1.844 1.993 1.217 1.966 2.551 2.148 1.835 1.835 1.835 1.361 0.627 0.704 0.052 0.023 0.622 0.017 0.149 0.665 0.633 0.983 0.244 0.630 0.443 0.000 0.002 0.625 0.406 0.180 0.154 0.057 0.917 1.940 0.051 1.260 2.772 1.264 0.616 0.742 0.618 0.667 0.613 1.252 1.269 0.661 1.286 1.515 1.286 3.569 1.215 1.230 1.217 1.348 1.212 1.217 0.817 1.460 
1.957 1.835 1.318 1.958 1.831 1.301 1.985 2.010 1.903 1.908 1.303 1.236 1.283 1.839 2.033 1.217 1.955 2.532 2.133 1.831 1.831 1.831 1.363 0.623 0.697 0.042 0.016 0.621 0.011 0.133 0.652 0.627 0.939 0.238 0.626 0.419 0.002 0.000 0.613 0.398 0.166 0.153 0.055 0.903 1.879 0.051 1.260 2.789 1.260 0.620 0.729 0.618 0.664 0.615 1.250 1.265 0.657 1.278 1.485 1.283 3.543 1.214 1.225 1.215 1.325 1.213 1.215 0.806 1.450 
2.165 2.157 1.536 2.164 2.195 1.445 2.141 2.133 2.217 2.213 1.554 1.476 1.579 2.148 1.427 1.497 2.165 2.108 2.098 2.189 2.197 2.199 1.457 1.223 0.941 0.391 0.473 1.287 0.495 0.258 0.001 1.155 0.228 0.099 1.299 0.132 0.625 0.613 0.000 0.229 0.216 0.174 0.309 0.793 1.264 0.328 1.919 2.092 1.576 1.230 0.964 1.273 1.014 1.263 1.590 1.558 1.035 1.573 0.786 1.731 3.417 1.859 1.661 1.837 1.575 1.841 1.877 0.815 1.448 
1.937 2.053 1.476 1.937 2.118 1.329 1.935 1.934 1.953 1.951 1.474 1.462 1.467 2.037 1.524 1.475 1.937 2.054 1.954 2.111 2.117 2.123 1.313 0.940 0.763 0.282 0.317 0.995 0.316 0.249 0.246 0.889 0.563 0.144 0.984 0.088 0.406 0.398 0.229 0.000 0.100 0.192 0.216 0.676 1.167 0.219 1.626 1.729 1.399 1.020 0.783 1.039 0.876 1.043 1.457 1.401 0.878 1.367 0.929 1.473 3.244 1.644 1.500 1.593 1.400 1.609 1.632 0.771 1.270 
1.919 1.963 1.293 1.919 2.006 1.345 1.926 1.933 1.914 1.914 1.295 1.314 1.296 1.953 1.829 1.344 1.918 2.136 1.984 2.002 2.006 2.010 1.370 0.773 0.674 0.061 0.092 0.812 0.098 0.038 0.240 0.736 0.412 0.046 0.814 0.059 0.180 0.166 0.216 0.100 0.000 0.061 0.054 0.680 1.267 0.063 1.424 2.144 1.268 0.796 0.654 0.811 0.704 0.816 1.295 1.269 0.704 1.252 0.967 1.329 3.235 1.416 1.311 1.385 1.256 1.387 1.409 0.667 1.296 
1.869 1.925 1.287 1.869 1.971 1.401 1.871 1.880 1.867 1.867 1.289 1.310 1.291 1.913 1.595 1.341 1.868 2.069 1.926 1.967 1.971 1.975 1.263 0.774 0.684 0.074 0.099 0.808 0.107 0.061 0.195 0.754 0.496 0.016 0.819 0.167 0.154 0.153 0.174 0.192 0.061 0.000 0.027 0.728 1.624 0.031 1.440 2.386 1.281 0.757 0.720 0.790 0.691 0.783 1.271 1.273 0.697 1.297 1.057 1.362 3.389 1.378 1.298 1.376 1.337 1.368 1.394 0.683 1.324 
1.899 1.884 1.344 1.900 1.911 1.253 1.913 1.927 1.877 1.878 1.333 1.286 1.318 1.879 1.719 1.279 1.898 2.197 2.004 1.907 1.911 1.914 1.278 0.678 0.646 0.021 0.026 0.695 0.029 0.049 0.338 0.662 0.626 0.066 0.704 0.212 0.057 0.055 0.309 0.216 0.054 0.027 0.000 0.747 1.663 0.002 1.326 2.418 1.232 0.668 0.675 0.687 0.641 0.680 1.226 1.231 0.642 1.246 1.174 1.284 3.400 1.283 1.236 1.274 1.285 1.271 1.285 0.689 1.334 
1.307 1.370 0.813 1.307 1.420 0.711 1.309 1.317 1.308 1.308 0.818 0.824 0.821 1.359 1.025 0.820 1.306 1.496 1.360 1.415 1.420 1.424 0.711 0.257 0.072 0.749 0.820 0.326 0.826 0.669 0.811 0.208 0.866 0.700 0.319 0.691 0.917 0.903 0.793 0.676 0.680 0.728 0.747 0.000 1.400 0.757 2.154 1.322 1.951 1.520 1.316 1.507 1.333 1.581 1.975 1.944 1.349 1.949 1.639 2.031 3.883 2.123 2.011 2.082 1.915 2.129 2.107 1.250 1.888 
1.988 2.128 1.413 1.986 2.232 1.466 1.955 1.930 2.074 2.065 1.443 1.578 1.470 2.098 1.368 1.676 1.991 1.782 1.848 2.222 2.233 2.241 1.405 2.384 3.022 1.593 1.690 3.286 1.709 1.429 1.268 3.154 1.073 1.432 3.257 1.004 1.940 1.879 1.264 1.167 1.267 1.624 1.663 2.748 0.000 1.690 3.129 0.985 2.733 2.583 2.603 3.097 2.898 3.117 2.818 2.737 2.349 2.644 1.705 2.862 3.999 3.126 2.896 3.045 2.473 3.117 3.102 2.490 2.360 
1.925 1.902 1.271 1.926 1.927 1.313 1.940 1.955 1.900 1.902 1.266 1.248 1.259 1.898 1.954 1.257 1.924 2.234 2.035 1.924 1.926 1.929 1.360 0.677 0.650 0.026 0.028 0.691 0.029 0.061 0.357 0.663 0.659 0.075 0.703 0.229 0.051 0.051 0.328 0.219 0.063 0.031 0.002 0.757 1.690 0.000 1.324 2.483 1.230 0.659 0.679 0.678 0.641 0.673 1.225 1.229 0.640 1.245 1.200 1.286 3.402 1.277 1.235 1.267 1.294 1.263 1.279 0.697 1.336 
3.177 3.056 2.535 3.178 3.053 2.509 3.205 3.229 3.123 3.128 2.520 2.458 2.501 3.060 3.194 2.440 3.174 3.620 3.352 3.053 3.053 3.053 2.568 1.876 1.953 1.311 1.279 1.863 1.273 1.414 1.962 1.877 2.266 1.525 1.880 1.677 1.260 1.260 1.919 1.626 1.424 1.440 1.326 2.154 3.129 1.324 0.000 3.966 0.043 2.154 0.719 0.672 0.656 2.164 0.032 0.047 0.645 0.072 1.812 2.024 2.439 1.959 1.981 1.373 1.490 1.238 1.369 0.849 2.222 
1.222 1.441 1.345 1.221 1.533 1.375 1.206 1.196 1.269 1.264 1.369 1.480 1.389 1.415 1.382 1.564 1.224 1.200 1.171 1.527 1.531 1.540 1.327 2.173 1.733 2.301 2.602 2.258 2.624 2.060 2.091 2.003 1.535 2.226 2.251 1.848 2.772 2.789 2.092 1.729 2.144 2.386 2.418 1.322 0.985 2.483 3.966 0.000 3.651 3.381 2.801 3.402 3.050 3.429 3.797 3.541 3.103 3.438 2.372 3.578 4.965 3.969 3.750 3.989 3.336 3.962 4.028 2.708 3.303 
3.147 3.092 2.518 3.148 3.107 2.492 3.166 3.184 3.113 3.115 2.509 2.476 2.498 3.090 3.065 2.475 3.146 3.500 3.279 3.105 3.107 3.109 2.530 1.871 1.852 1.241 1.239 1.888 1.237 1.281 1.605 1.855 1.875 1.322 1.894 1.423 1.264 1.260 1.576 1.399 1.268 1.281 1.232 1.951 2.733 1.230 0.043 3.651 0.000 1.390 0.640 0.731 0.622 1.375 0.014 0.001 0.622 0.010 1.401 1.885 2.239 2.027 2.000 1.430 1.430 1.279 1.439 0.696 2.116 
2.577 2.443 1.948 2.578 2.436 1.911 2.607 2.633 2.520 2.525 1.932 1.859 1.912 2.448 2.655 1.835 2.575 3.039 2.761 2.436 2.436 2.436 1.974 1.233 1.308 0.669 0.641 1.225 0.635 0.765 1.267 1.239 1.596 0.847 1.237 1.059 0.616 0.620 1.230 1.020 0.796 0.757 0.668 1.520 2.583 0.659 2.154 3.381 1.390 0.000 1.318 1.236 1.241 0.010 1.379 1.850 1.491 1.880 2.425 0.694 3.211 1.827 1.843 1.349 1.502 0.643 1.351 1.390 2.068 
2.519 2.488 1.915 2.519 2.510 1.903 2.535 2.550 2.492 2.494 1.910 1.892 1.900 2.484 2.384 1.903 2.517 2.839 2.634 2.508 2.509 2.512 1.935 1.294 1.255 0.668 0.682 1.328 0.682 0.680 0.990 1.265 1.176 0.726 1.317 0.765 0.742 0.729 0.964 0.783 0.654 0.720 0.675 1.316 2.603 0.679 0.719 2.801 0.640 1.976 0.000 0.810 0.034 1.987 0.685 0.646 0.033 0.623 0.666 1.993 2.749 0.776 0.692 0.730 0.644 2.162 0.750 0.062 0.757 
2.572 2.434 1.933 2.573 2.426 1.921 2.602 2.628 2.513 2.518 1.917 1.846 1.896 2.439 2.635 1.826 2.569 3.039 2.759 2.426 2.426 2.426 1.985 1.210 1.289 0.679 0.645 1.207 0.638 0.784 1.312 1.217 1.630 0.885 1.209 1.082 0.618 0.618 1.273 1.039 0.811 0.790 0.687 1.507 3.097 0.678 0.672 3.402 0.731 1.236 0.810 0.000 0.747 1.815 0.712 0.739 1.287 0.761 1.986 0.675 3.148 1.889 1.917 1.301 1.445 0.615 1.300 0.969 2.171 
2.527 2.470 1.922 2.527 2.484 1.904 2.545 2.564 2.492 2.495 1.914 1.874 1.902 2.468 2.347 1.862 2.525 2.882 2.659 2.483 2.484 2.486 1.933 1.251 1.228 0.651 0.648 1.270 0.646 0.694 1.043 1.235 1.325 0.736 1.270 0.883 0.667 0.664 1.014 0.876 0.704 0.691 0.641 1.333 2.898 0.641 0.656 3.050 0.622 1.912 0.034 0.747 0.000 1.915 0.626 0.621 0.001 0.640 0.808 1.974 2.884 0.695 0.639 0.658 0.680 2.102 0.671 0.081 0.787 
2.585 2.444 1.947 2.587 2.436 1.943 2.616 2.642 2.526 2.531 1.930 1.860 1.909 2.450 2.652 1.841 2.583 3.056 2.774 2.436 2.436 2.435 2.008 1.261 1.355 0.676 0.643 1.275 0.635 0.780 1.302 1.269 1.632 0.879 1.254 1.087 0.613 0.615 1.263 1.043 0.816 0.783 0.680 1.581 3.117 0.673 2.164 3.429 1.375 0.010 1.335 1.228 1.254 0.000 1.363 1.865 1.510 1.897 2.472 0.694 3.235 1.827 1.845 1.347 1.512 0.631 1.345 1.410 2.084 
3.154 3.088 2.521 3.155 3.101 2.504 3.173 3.193 3.116 3.120 2.512 2.474 2.500 3.088 2.930 2.470 3.152 3.520 3.292 3.099 3.101 3.103 2.547 1.863 1.851 1.241 1.235 1.878 1.234 1.289 1.619 1.853 1.923 1.325 1.885 1.476 1.252 1.250 1.590 1.457 1.295 1.271 1.226 1.975 2.818 1.225 0.032 3.797 0.014 1.379 0.685 0.712 0.626 1.363 0.000 0.010 0.627 0.045 1.504 1.880 2.341 2.016 2.008 1.423 1.462 1.256 1.429 0.729 2.167 
3.134 3.083 2.521 3.135 3.099 2.453 3.152 3.171 3.101 3.104 2.511 2.464 2.496 3.080 2.918 2.457 3.133 3.482 3.264 3.097 3.099 3.100 2.479 1.875 1.848 1.243 1.243 1.894 1.241 1.281 1.586 1.860 1.869 1.314 1.900 1.423 1.269 1.265 1.558 1.401 1.269 1.273 1.231 1.944 2.737 1.229 0.047 3.541 0.001 1.850 0.646 0.739 0.621 1.865 0.010 0.000 0.623 0.015 1.386 1.871 2.252 2.038 2.012 1.442 1.442 1.278 1.451 0.689 2.124 
2.526 2.460 1.917 2.527 2.473 1.909 2.546 2.565 2.489 2.492 1.909 1.873 1.896 2.460 2.488 1.873 2.524 2.892 2.664 2.471 2.473 2.475 1.951 1.241 1.233 0.647 0.643 1.267 0.640 0.694 1.065 1.227 1.337 0.744 1.257 0.888 0.661 0.657 1.035 0.878 0.704 0.697 0.642 1.349 2.349 0.640 0.645 3.103 0.622 1.904 0.033 0.730 0.001 1.906 0.627 0.623 0.000 0.638 0.856 1.991 2.890 0.683 0.637 0.649 0.679 2.104 0.659 0.098 0.801 
3.128 3.088 2.482 3.129 3.107 2.472 3.146 3.162 3.099 3.101 2.474 2.449 2.464 3.085 2.976 2.456 3.127 3.461 3.250 3.106 3.107 3.109 2.503 1.889 1.869 1.246 1.251 1.908 1.249 1.274 1.602 1.868 1.822 1.326 1.912 1.385 1.286 1.278 1.573 1.367 1.252 1.297 1.246 1.949 2.644 1.245 0.072 3.438 0.010 1.880 0.623 0.761 0.640 1.897 0.045 0.015 0.638 0.000 1.344 1.904 2.158 2.045 1.997 1.445 1.402 1.317 1.458 0.691 2.082 
2.833 2.851 2.306 2.832 2.906 2.173 2.809 2.804 2.882 2.878 2.330 2.241 2.354 2.837 2.153 2.282 2.834 2.673 2.760 2.903 2.905 2.911 2.307 2.024 1.720 1.220 1.318 2.070 1.334 1.055 0.781 1.931 0.873 0.925 2.103 0.807 1.515 1.485 0.786 0.929 0.967 1.057 1.174 1.639 1.705 1.200 1.812 2.372 1.401 2.737 0.666 2.192 0.808 2.762 1.504 1.386 0.856 1.344 0.000 2.341 2.954 1.954 1.581 1.846 1.269 2.792 1.910 0.378 1.124 
3.116 3.053 2.511 3.117 3.063 2.472 3.136 3.153 3.083 3.085 2.501 2.461 2.487 3.052 3.008 2.457 3.115 3.466 3.246 3.061 3.063 3.064 2.510 1.891 1.906 1.284 1.273 1.914 1.268 1.345 1.768 1.882 1.883 1.410 1.912 1.514 1.286 1.283 1.731 1.473 1.329 1.362 1.284 2.031 2.862 1.286 1.862 3.578 1.861 0.694 1.993 0.675 1.974 0.694 1.871 1.852 1.991 1.862 2.341 0.000 3.038 1.876 1.841 1.853 1.880 0.047 1.865 1.911 1.948 
5.080 5.223 4.421 5.080 5.291 4.486 5.074 5.072 5.105 5.102 4.431 4.498 4.444 5.204 4.681 4.556 5.081 5.162 5.080 5.285 5.290 5.296 4.481 4.159 3.982 3.373 3.436 4.190 3.449 3.304 3.439 4.097 3.430 3.327 4.221 3.186 3.569 3.543 3.417 3.244 3.235 3.389 3.400 3.883 3.999 3.402 2.439 4.965 2.239 3.211 2.749 3.148 2.884 3.235 2.341 2.252 2.890 2.158 2.954 3.038 0.000 2.573 2.378 2.517 2.144 3.259 2.555 2.732 2.122 
3.190 3.050 2.536 3.192 3.042 2.508 3.221 3.247 3.131 3.136 2.519 2.444 2.497 3.056 3.162 2.421 3.188 3.660 3.378 3.042 3.042 3.042 2.573 1.824 1.903 1.278 1.243 1.819 1.235 1.381 1.901 1.832 2.242 1.471 1.825 1.689 1.215 1.214 1.859 1.644 1.416 1.378 1.283 2.123 3.126 1.277 1.233 3.969 1.445 1.827 0.776 1.889 0.695 1.827 1.435 1.322 0.683 1.350 1.954 1.878 2.573 0.000 0.035 0.003 0.210 2.497 0.000 0.920 0.375 
3.136 3.058 2.490 3.137 3.066 2.491 3.158 3.179 3.095 3.098 2.479 2.433 2.465 3.058 3.082 2.426 3.134 3.521 3.283 3.065 3.066 3.067 2.543 1.839 1.856 1.240 1.224 1.845 1.221 1.293 1.695 1.833 1.966 1.358 1.851 1.507 1.230 1.225 1.661 1.500 1.311 1.298 1.236 2.011 2.896 1.235 1.254 3.750 1.427 1.843 0.692 1.917 0.639 1.845 1.435 1.263 0.637 1.287 1.581 1.843 2.378 0.035 0.000 0.023 0.103 2.519 0.031 0.762 0.219 
3.165 3.042 2.530 3.167 3.038 2.514 3.194 3.218 3.111 3.116 2.515 2.449 2.494 3.046 3.141 2.432 3.163 3.612 3.342 3.038 3.038 3.038 2.573 1.810 1.878 1.267 1.237 1.822 1.230 1.364 1.878 1.814 2.187 1.463 1.809 1.638 1.217 1.215 1.837 1.593 1.385 1.376 1.274 2.082 3.045 1.267 1.230 3.989 1.430 1.349 0.730 1.301 0.658 1.347 1.423 1.302 0.649 1.327 1.846 1.864 2.517 0.003 0.023 0.000 0.182 2.494 0.001 0.860 0.317 
3.097 3.090 2.513 3.097 3.118 2.495 3.110 3.123 3.077 3.078 2.508 2.494 2.500 3.084 2.937 2.508 3.096 3.384 3.196 3.116 3.118 3.121 2.517 1.913 1.871 1.252 1.268 1.936 1.274 1.256 1.606 1.892 1.713 1.344 1.943 1.352 1.348 1.325 1.575 1.400 1.256 1.337 1.285 1.915 2.473 1.294 2.559 3.336 1.430 1.502 0.644 1.445 0.680 1.512 1.462 1.313 0.679 1.278 1.269 1.904 2.144 0.210 0.103 0.182 0.000 2.633 0.202 0.704 0.181 
3.173 3.044 2.522 3.174 3.039 2.499 3.202 3.227 3.117 3.122 2.506 2.438 2.486 3.049 3.139 2.418 3.171 3.627 3.354 3.039 3.039 3.039 2.560 1.840 1.917 1.265 1.235 1.832 1.229 1.364 1.880 1.845 2.196 1.458 1.845 1.647 1.212 1.213 1.841 1.609 1.387 1.368 1.271 2.129 3.117 1.263 1.837 3.962 1.884 0.643 2.162 0.615 2.102 0.631 1.866 1.880 2.104 1.915 2.792 0.047 3.259 1.833 1.843 1.815 1.967 0.000 1.815 2.171 2.076 
3.176 3.042 2.538 3.178 3.035 2.523 3.206 3.232 3.119 3.124 2.522 2.452 2.500 3.047 3.155 2.433 3.174 3.638 3.360 3.035 3.035 3.035 2.585 1.811 1.891 1.276 1.242 1.819 1.235 1.380 1.919 1.818 2.232 1.489 1.807 1.676 1.217 1.215 1.877 1.632 1.409 1.394 1.285 2.107 3.102 1.279 1.232 4.028 1.439 1.351 0.750 1.300 0.671 1.345 1.429 1.316 0.659 1.343 1.910 1.874 2.555 0.000 0.031 0.001 0.202 2.494 0.000 0.888 0.356 
2.530 2.549 1.943 2.531 2.568 1.929 2.535 2.547 2.522 2.522 1.944 1.923 1.940 2.545 2.127 1.926 2.529 2.598 2.603 2.566 2.567 2.570 1.950 1.400 1.279 0.713 0.742 1.410 0.746 0.689 0.833 1.361 1.063 0.672 1.439 0.738 0.817 0.806 0.815 0.771 0.667 0.683 0.689 1.250 2.490 0.697 0.849 2.708 0.696 2.055 0.062 0.967 0.081 2.062 0.729 0.689 0.098 0.691 0.378 1.911 2.732 0.920 0.762 0.860 0.704 2.171 0.888 0.000 0.721 
3.095 3.183 2.582 3.095 3.239 2.463 3.096 3.099 3.103 3.102 2.584 2.590 2.581 3.169 2.735 2.606 3.095 3.252 3.131 3.235 3.238 3.243 2.455 2.059 1.917 1.374 1.393 2.098 1.395 1.353 1.470 2.023 1.693 1.321 2.116 1.319 1.460 1.450 1.448 1.270 1.296 1.324 1.334 1.888 2.360 1.336 3.839 3.303 1.569 2.068 0.757 2.171 0.787 2.084 1.622 1.377 0.801 1.360 1.124 1.755 2.122 0.375 0.219 0.317 0.181 2.762 0.356 0.721 0.000 
